Charles : 18:02:34.191526 Total count: 1.
Charles dickens : 18:04:10.710341 Total count: 1.
Charles dickens : 18:04:32.643918 Total count: 2.
James, Charles : 01:35:04.728009 Total count: 1.
James : 01:36:37.894144 Total count: 2.
James : 01:37:50.519222 Total count: 3.
James : 01:39:01.318966 Total count: 4.
McLeod : 01:41:31.924502 Total count: 1.
Milan : 01:41:41.473967 Total count: 1.
James : 01:41:54.355535 Total count: 5.
William : 01:43:26.506704 Total count: 1.
James : 11:11:58.681549 Total count: 6.
unt: 2.
James, Charles : 11:13:23.755132 Total count: 2.
James : 11:13:58.694904 Total count: 8.
John : 11:18:38.112061 Total count: 1.
Mohan : 11:18:49.648675 Total count: 1.
James : 11:25:27.348896 Total count: 9.
george : 11:36:23.705828 Total count: 1.
James : 15:05:54.851028 Total count: 10.
george : 15:08:04.420555 Total count: 2.
Adarsh : 15:08:30.998296 Total count: 1.
James : 15:25:59.534135 Total count: 11.
James : 11:56:04.657784 Total count: 12.
Test : 11:56:45.473260 Total count: 1.
Test : 11:56:48.969287 Total count: 2.
Test : 11:56:54.502399 Total count: 3.
Test : 11:56:59.734488 Total count: 4.
Milan : 11:57:07.005234 Total count: 2.
Milan : 11:57:51.297989 Total count: 3.
Milan : 11:57:55.933621 Total count: 4.
Charol : 11:59:57.170175 Total count: 1.
Charol : 12:00:17.322690 Total count: 2.
James : 12:00:34.306967 Total count: 13.
Charles : 12:01:02.721004 Total count: 6.
Milan : 12:01:15.783764 Total count: 5.
Milan : 12:01:16.339105 Total count: 6.
Milan : 12:01:21.702599 Total count: 7.
James : 12:02:07.560070 Total count: 14.
Bill : 12:03:49.397958 Total count: 1.
Bank : 12:04:08.613352 Total count: 1.
Mank : 12:04:14.279772 Total count: 1.
Band : 12:04:19.996881 Total count: 1.
Wilaa : 12:04:25.608965 Total count: 1.
Wilaa : 12:05:39.899312 Total count: 2.
Band : 12:05:53.272201 Total count: 2.
Wilaa : 12:05:58.920428 Total count: 3.
Miller : 12:06:10.696000 Total count: 1.
Bill : 12:06:18.924032 Total count: 2.
James : 12:07:53.512312 Total count: 15.
Wilaa : 12:08:03.312105 Total count: 4.
James : 12:11:49.539701 Total count: 16.
Willa : 12:12:08.635125 Total count: 1.
Mill : 12:12:20.154089 Total count: 2.
Bill : 12:12:30.106575 Total count: 3.
James : 12:14:29.285679 Total count: 17.
Willa : 12:14:35.697289 Total count: 2.
James : 12:16:39.576719 Total count: 18.
Bill : 12:17:06.078004 Total count: 4.
Till : 12:17:25.518339 Total count: 1.
Jill : 12:21:48.240964 Total count: 1.
Tom : 12:21:57.459353 Total count: 1.
Willa : 12:27:02.882435 Total count: 3.
Tele : 12:27:12.360968 Total count: 1.
Tele : 12:28:19.574103 Total count: 2.
Tele : 12:28:53.880637 Total count: 3.
addd : 12:30:31.808800 Total count: 1.
george : 12:30:45.772083 Total count: 3.
william : 12:31:00.972032 Total count: 1.
Gerge : 18:32:02.772755 Total count: 1.
george : 18:32:34.767248 Total count: 4.
george : 18:34:09.703223 Total count: 5.
george : 10:12:03.456658 Total count: 6.
James : 11:09:50.593051 Total count: 19.
